4294967294,0
4294967278,73
4294967278,72
4294967278,71
4294967278,70
4294967278,69
4294967278,68
4294967278,304
4294967278,67
4294967278,302
4294967278,66
4294967278,65
4294967278,64
4294967278,63
4294967279,294
4294967278,215
4294967278,548
4294967279,367
4294967278,547
4294967278,566
4294967294,973
4294967278,209
4294967294,107
4294967294,7
4294967279,209
4294967294,6
127,4
4294967279,208
127,3
127,2
127,1
4294967279,207
4294967294,81
4294967294,50
4294967279,204
4294967279,287
4294967279,203
4294967294,36
4294967294,39
4294967279,202
4294967278,200
4294967279,201
4294967279,199
126,5
126,4
126,3
126,2
126,1
4294967279,195
4294967279,194
4294967279,193
4294967279,192
4294967279,300
4294967279,295
4294967278,188
4294967279,191
4294967279,190
124,5
4294967294,1413
4294967294,918
4294967294,421
124,4
4294967279,187
124,3
124,2
124,1
4294967279,186
4294967278,184
4294967279,183
4294967278,183
123,6
4294967278,179
4294967279,182
4294967279,181
123,5
4294967294,22
4294967279,179
123,4
4294967279,178
123,3
123,2
123,1
0,5
4294967279,177
4294967294,46
4294967294,85
4294967294,419
4294967294,950
4294967294,29
4294967294,28
4294967294,920
4294967294,27
4294967294,393
4294967278,173
4294967278,172
122,5
4294967279,172
4294967294,94
4294967294,96
4294967279,171
122,4
122,3
122,2
122,1
4294967279,170
4294967278,168
4294967278,561
4294967279,168
4294967294,17
4294967294,99
4294967294,76
4294967294,9
4294967294,93
4294967294,95
4294967294,92
4294967294,88
4294967294,1416
4294967279,167
4294967279,364
4294967278,536
4294967278,560
4294967279,166
121,5
4294967294,42
4294967294,67
4294967294,51
4294967294,52
4294967294,26
4294967294,1414
4294967294,83
4294967294,1417
4294967294,25
4294967294,471
4294967279,164
4294967279,162
121,4
4294967279,363
4294967279,163
121,3
121,2
121,1
4294967293,131
4294967293,130
4294967293,129
4294967293,128
4294967293,127
4294967293,126
4294967293,125
4294967293,124
4294967293,123
4294967293,122
4294967293,121
4294967293,120
4294967293,119
4294967293,118
4294967293,117
4294967293,116
4294967293,115
4294967293,114
4294967293,113
4294967293,112
4294967293,111
4294967293,110
4294967293,109
4294967293,108
4294967293,107
4294967293,106
4294967293,105
4294967293,104
4294967293,103
4294967293,102
4294967293,101
4294967293,100
4294967293,99
4294967293,98
4294967293,97
4294967293,96
4294967293,95
4294967293,94
4294967293,93
4294967293,92
4294967293,91
4294967293,90
4294967293,89
4294967293,87
4294967293,86
4294967293,85
4294967293,84
4294967293,83
4294967293,82
4294967293,81
4294967293,80
4294967293,79
4294967293,78
4294967293,77
4294967293,76
4294967293,75
4294967293,74
4294967293,73
4294967293,72
4294967293,71
4294967293,70
4294967293,69
4294967293,68
4294967293,67
4294967293,66
4294967293,65
4294967293,64
4294967293,63
4294967293,62
4294967293,61
4294967293,60
4294967293,59
4294967293,58
4294967293,57
4294967293,56
4294967293,55
4294967293,54
4294967293,53
4294967293,52
4294967293,51
4294967293,50
4294967293,49
4294967293,48
4294967293,47
4294967293,46
4294967293,45
4294967293,44
4294967293,43
4294967293,42
4294967293,41
4294967293,40
4294967293,39
4294967293,38
4294967293,37
4294967293,36
4294967293,35
4294967293,34
4294967293,33
4294967293,32
4294967293,31
4294967293,30
4294967293,29
4294967293,28
4294967293,27
4294967293,26
4294967293,25
4294967293,24
4294967293,23
4294967293,22
4294967293,21
4294967293,20
4294967293,19
4294967293,18
4294967293,17
4294967293,16
4294967293,15
4294967293,14
4294967293,13
4294967293,12
4294967293,11
4294967293,10
4294967293,9
4294967293,8
4294967293,7
4294967293,6
4294967293,5
4294967293,4
4294967293,3
4294967279,80
4294967279,79
4294967279,77
4294967279,74
4294967279,72
4294967279,71
4294967279,70
4294967279,69
4294967279,68
4294967279,67
4294967279,66
4294967279,65
4294967279,63
4294967279,61
4294967279,60
4294967279,59
4294967279,58
4294967279,56
4294967279,52
4294967279,51
4294967279,50
4294967279,49
4294967279,48
4294967279,45
4294967279,44
4294967279,43
4294967279,42
4294967279,41
4294967279,39
4294967279,26
4294967279,24
4294967279,23
4294967279,46
4294967279,47
120,5
120,4
120,3
120,2
120,1
4294967278,533
4294967294,191
4294967279,40
119,4
119,3
119,2
119,1
4294967279,393
4294967279,38
4294967279,29
4294967279,37
4294967279,36
4294967279,35
4294967279,359
4294967279,34
4294967279,358
4294967278,556
4294967279,33
4294967279,357
4294967278,555
4294967279,32
4294967278,328
4294967279,31
4294967279,283
4294967279,141
4294967279,30
4294967279,284
4294967278,554
4294967278,530
4294967279,28
4294967279,335
4294967279,27
4294967279,334
4294967279,25
4294967279,135
4294967278,134
118,4
118,3
118,2
118,1
4294967278,133
4294967278,273
4294967278,270
4294967279,266
4294967278,269
4294967278,268
4294967278,265
4294967278,267
117,5
4294967279,263
117,4
4294967278,259
117,2
117,1
4294967279,262
4294967278,279
4294967279,259
4294967278,264
4294967279,258
4294967294,964
4294967294,962
4294967294,909
115,5
115,4
115,3
115,2
115,1
4294967278,327
4294967279,320
114,6
4294967278,326
114,5
114,4
114,3
114,2
114,1
4294967278,246
4294967278,244
4294967279,243
113,5
113,4
113,3
113,2
113,1
4294967278,325
4294967279,234
112,5
112,4
112,3
112,2
112,1
4294967279,216
111,5
111,4
111,3
111,2
111,1
4294967278,319
4294967294,428
110,4
110,3
110,2
110,1
4294967278,207
4294967279,392
4294967279,349
4294967278,324
4294967279,313
4294967279,312
4294967278,323
4294967294,108
4294967294,450
4294967294,386
4294967294,411
4294967278,322
4294967278,544
4294967279,391
4294967279,390
4294967278,543
4294967279,389
4294967279,347
4294967279,78
109,4
109,3
109,2
109,1
4294967279,76
4294967279,75
4294967279,73
4294967278,182
108,5
108,4
108,2
108,1
4294967279,64
4294967279,62
106,5
4294967279,57
106,4
106,3
106,2
106,1
4294967279,54
4294967278,167
4294967279,55
105,6
4294967294,176
4294967294,966
4294967294,900
4294967279,53
4294967278,294
105,5
105,4
105,3
105,2
105,1
104,5
104,4
104,3
104,2
104,1
103,5
103,4
103,3
103,2
103,1
102,5
102,4
102,3
102,2
102,1
4294967278,277
101,4
4294967279,136
101,3
101,2
101,1
4294967278,286
4294967279,278
4294967294,409
4294967294,110
4294967294,402
4294967294,160
4294967294,454
4294967294,116
4294967294,113
4294967278,283
4294967278,528
4294967279,270
4294967278,523
4294967279,268
4294967279,267
4294967278,271
4294967278,36
4294967278,33
4294967278,32
4294967278,31
4294967278,29
4294967278,27
4294967278,26
4294967278,25
4294967278,24
4294967278,22
4294967278,21
4294967278,19
4294967278,18
4294967278,17
4294967278,16
4294967278,15
4294967278,14
